[0.051948051948051945, 0.07272727272727272]
[0.047619047619047616, 0.06666666666666667]
[0.04395604395604396, 0.06153846153846154]
[0.04081632653061224, 0.05714285714285714]
[0.03809523809523809, 0.05333333333333334]
[0.03571428571428571, 0.05]
[0.03535353535353536, 0.048295454545454544]
[0.03529411764705882, 0.046712802768166084]
[0.03571428571428571, 0.04523809523809524]
[0.06, 0.063]
[0.05555555555555555, 0.058333333333333334]
[0.05172413793103448, 0.05431034482758621]
[0.04838709677419355, 0.050806451612903224]
[0.045454545454545456, 0.04772727272727273]
[0.058823529411764705, 0.04621848739495798]
[0.05434782608695652, 0.06884057971014493]
[0.05, 0.06333333333333334]
[0.046296296296296294, 0.05864197530864197]
[0.04310344827586207, 0.05459770114942529]
[0.04032258064516129, 0.051075268817204304]
[0.03787878787878788, 0.04797979797979798]
[0.0392156862745098, 0.04643962848297213]
[0.04285714285714286, 0.045000000000000005]
[0.07692307692307693, 0.06043956043956045]
[0.07142857142857142, 0.05612244897959184]
[0.06666666666666667, 0.05238095238095239]
[0.0625, 0.04910714285714286]
[0.07692307692307693, 0.06043956043956045]
[0.07142857142857142, 0.05612244897959184]
[0.06666666666666667, 0.05238095238095239]
[0.0625, 0.04910714285714286]
[0.050724637681159424, 0.06929347826086957]
[0.04666666666666667, 0.06375]
[0.043209876543209874, 0.059027777777777776]
[0.040229885057471264, 0.05495689655172414]
[0.03763440860215054, 0.05141129032258064]
[0.03535353535353536, 0.048295454545454544]
[0.03529411764705882, 0.046712802768166084]
[0.03571428571428571, 0.04523809523809524]
[0.05555555555555555, 0.06578947368421052]
[0.05128205128205128, 0.06072874493927125]
[0.047619047619047616, 0.05639097744360902]
[0.04444444444444444, 0.05263157894736842]
[0.041666666666666664, 0.049342105263157895]
[0.045454545454545456, 0.04772727272727273]
[0.058823529411764705, 0.04621848739495798]
[0.05454545454545454, 0.07219251336898395]
[0.049999999999999996, 0.0661764705882353]
[0.046153846153846156, 0.06108597285067874]
[0.04285714285714285, 0.05672268907563025]
[0.04, 0.05294117647058824]
[0.0375, 0.049632352941176475]
[0.03787878787878788, 0.04797979797979798]
[0.0392156862745098, 0.04643962848297213]
[0.04285714285714286, 0.045000000000000005]
[0.05555555555555556, 0.05384615384615385]
[0.05050505050505051, 0.07342657342657342]
[0.046296296296296294, 0.0673076923076923]
[0.042735042735042736, 0.0621301775147929]
[0.03968253968253968, 0.05769230769230769]
[0.037037037037037035, 0.05384615384615385]
[0.034722222222222224, 0.05048076923076923]
[0.032679738562091505, 0.04751131221719456]
[0.03214285714285714, 0.04591836734693878]
[0.051948051948051945, 0.07272727272727272]
[0.047619047619047616, 0.06666666666666667]
[0.04395604395604396, 0.06153846153846154]
[0.04081632653061224, 0.05714285714285714]
[0.03809523809523809, 0.05333333333333334]
[0.03571428571428571, 0.05]
[0.03535353535353536, 0.048295454545454544]
[0.03529411764705882, 0.046712802768166084]
[0.03571428571428571, 0.04523809523809524]
[0.05454545454545454, 0.07219251336898395]
[0.049999999999999996, 0.0661764705882353]
[0.046153846153846156, 0.06108597285067874]
[0.04285714285714285, 0.05672268907563025]
[0.04, 0.05294117647058824]
[0.0375, 0.049632352941176475]
[0.03787878787878788, 0.04797979797979798]
[0.0392156862745098, 0.04643962848297213]
[0.04285714285714286, 0.045000000000000005]
[0.051948051948051945, 0.07272727272727272]
[0.047619047619047616, 0.06666666666666667]
[0.04395604395604396, 0.06153846153846154]
[0.04081632653061224, 0.05714285714285714]
[0.03809523809523809, 0.05333333333333334]
[0.03571428571428571, 0.05]
[0.03535353535353536, 0.048295454545454544]
[0.03529411764705882, 0.046712802768166084]
[0.03571428571428571, 0.04523809523809524]
[0.051948051948051945, 0.07272727272727272]
[0.047619047619047616, 0.06666666666666667]
[0.04395604395604396, 0.06153846153846154]
[0.04081632653061224, 0.05714285714285714]
[0.03809523809523809, 0.05333333333333334]
[0.03571428571428571, 0.05]
[0.03535353535353536, 0.048295454545454544]
[0.03529411764705882, 0.046712802768166084]
[0.03571428571428571, 0.04523809523809524]
[0.07692307692307693, 0.06043956043956045]
[0.07142857142857142, 0.05612244897959184]
[0.06666666666666667, 0.05238095238095239]
[0.0625, 0.04910714285714286]
[0.08333333333333333, 0.06547619047619048]
[0.07692307692307693, 0.06043956043956045]
[0.07142857142857142, 0.05612244897959184]
[0.06666666666666667, 0.05238095238095239]
[0.0625, 0.04910714285714286]
[0.05555555555555555, 0.06578947368421052]
[0.05128205128205128, 0.06072874493927125]
[0.047619047619047616, 0.05639097744360902]
[0.04444444444444444, 0.05263157894736842]
[0.041666666666666664, 0.049342105263157895]
[0.045454545454545456, 0.04772727272727273]
[0.058823529411764705, 0.04621848739495798]
[0.05434782608695652, 0.06884057971014493]
[0.05, 0.06333333333333334]
[0.046296296296296294, 0.05864197530864197]
[0.04310344827586207, 0.05459770114942529]
[0.04032258064516129, 0.051075268817204304]
[0.03787878787878788, 0.04797979797979798]
[0.0392156862745098, 0.04643962848297213]
[0.04285714285714286, 0.045000000000000005]
[0.06, 0.063]
[0.05555555555555555, 0.058333333333333334]
[0.05172413793103448, 0.05431034482758621]
[0.04838709677419355, 0.050806451612903224]
[0.045454545454545456, 0.04772727272727273]
[0.058823529411764705, 0.04621848739495798]
[0.050724637681159424, 0.06929347826086957]
[0.04666666666666667, 0.06375]
[0.043209876543209874, 0.059027777777777776]
[0.040229885057471264, 0.05495689655172414]
[0.03763440860215054, 0.05141129032258064]
[0.03535353535353536, 0.048295454545454544]
[0.03529411764705882, 0.046712802768166084]
[0.03571428571428571, 0.04523809523809524]
[0.08333333333333333, 0.06547619047619048]
[0.07692307692307693, 0.06043956043956045]
[0.07142857142857142, 0.05612244897959184]
[0.06666666666666667, 0.05238095238095239]
[0.0625, 0.04910714285714286]
[0.05555555555555556, 0.05384615384615385]
[0.05050505050505051, 0.07342657342657342]
[0.046296296296296294, 0.0673076923076923]
[0.042735042735042736, 0.0621301775147929]
[0.03968253968253968, 0.05769230769230769]
[0.037037037037037035, 0.05384615384615385]
[0.034722222222222224, 0.05048076923076923]
[0.032679738562091505, 0.04751131221719456]
[0.03214285714285714, 0.04591836734693878]
[0.06, 0.063]
[0.05555555555555555, 0.058333333333333334]
[0.05172413793103448, 0.05431034482758621]
[0.04838709677419355, 0.050806451612903224]
[0.045454545454545456, 0.04772727272727273]
[0.058823529411764705, 0.04621848739495798]
[0.05555555555555555, 0.06578947368421052]
[0.05128205128205128, 0.06072874493927125]
[0.047619047619047616, 0.05639097744360902]
[0.04444444444444444, 0.05263157894736842]
[0.041666666666666664, 0.049342105263157895]
[0.045454545454545456, 0.04772727272727273]
[0.058823529411764705, 0.04621848739495798]
[0.049999999999999996, 0.0661764705882353]
[0.046153846153846156, 0.06108597285067874]
[0.04285714285714285, 0.05672268907563025]
[0.04, 0.05294117647058824]
[0.0375, 0.049632352941176475]
[0.03787878787878788, 0.04797979797979798]
[0.0392156862745098, 0.04643962848297213]
[0.04285714285714286, 0.045000000000000005]
[0.07692307692307693, 0.06043956043956045]
[0.07142857142857142, 0.05612244897959184]
[0.06666666666666667, 0.05238095238095239]
[0.0625, 0.04910714285714286]
[0.05, 0.06333333333333334]
[0.046296296296296294, 0.05864197530864197]
[0.04310344827586207, 0.05459770114942529]
[0.04032258064516129, 0.051075268817204304]
[0.03787878787878788, 0.04797979797979798]
[0.0392156862745098, 0.04643962848297213]
[0.04285714285714286, 0.045000000000000005]
[0.05434782608695652, 0.06884057971014493]
[0.05, 0.06333333333333334]
[0.046296296296296294, 0.05864197530864197]
[0.04310344827586207, 0.05459770114942529]
[0.04032258064516129, 0.051075268817204304]
[0.03787878787878788, 0.04797979797979798]
[0.0392156862745098, 0.04643962848297213]
[0.04285714285714286, 0.045000000000000005]
[0.05434782608695652, 0.06884057971014493]
[0.05, 0.06333333333333334]
[0.046296296296296294, 0.05864197530864197]
[0.04310344827586207, 0.05459770114942529]
[0.04032258064516129, 0.051075268817204304]
[0.03787878787878788, 0.04797979797979798]
[0.0392156862745098, 0.04643962848297213]
[0.04285714285714286, 0.045000000000000005]
[0.051948051948051945, 0.07272727272727272]
[0.047619047619047616, 0.06666666666666667]
[0.04395604395604396, 0.06153846153846154]
[0.04081632653061224, 0.05714285714285714]
[0.03809523809523809, 0.05333333333333334]
[0.03571428571428571, 0.05]
[0.03535353535353536, 0.048295454545454544]
[0.03529411764705882, 0.046712802768166084]
[0.03571428571428571, 0.04523809523809524]
[0.05555555555555555, 0.06578947368421052]
[0.05128205128205128, 0.06072874493927125]
[0.047619047619047616, 0.05639097744360902]
[0.04444444444444444, 0.05263157894736842]
[0.041666666666666664, 0.049342105263157895]
[0.045454545454545456, 0.04772727272727273]
[0.058823529411764705, 0.04621848739495798]
[0.06, 0.063]
[0.05555555555555555, 0.058333333333333334]
[0.05172413793103448, 0.05431034482758621]
[0.04838709677419355, 0.050806451612903224]
[0.045454545454545456, 0.04772727272727273]
[0.058823529411764705, 0.04621848739495798]
[0.06, 0.063]
[0.05555555555555555, 0.058333333333333334]
[0.05172413793103448, 0.05431034482758621]
[0.04838709677419355, 0.050806451612903224]
[0.045454545454545456, 0.04772727272727273]
[0.058823529411764705, 0.04621848739495798]
[0.049999999999999996, 0.0661764705882353]
[0.046153846153846156, 0.06108597285067874]
[0.04285714285714285, 0.05672268907563025]
[0.04, 0.05294117647058824]
[0.0375, 0.049632352941176475]
[0.03787878787878788, 0.04797979797979798]
[0.0392156862745098, 0.04643962848297213]
[0.04285714285714286, 0.045000000000000005]
[0.07692307692307693, 0.06043956043956045]
[0.07142857142857142, 0.05612244897959184]
[0.06666666666666667, 0.05238095238095239]
[0.0625, 0.04910714285714286]
[0.049999999999999996, 0.0661764705882353]
[0.046153846153846156, 0.06108597285067874]
[0.04285714285714285, 0.05672268907563025]
[0.04, 0.05294117647058824]
[0.0375, 0.049632352941176475]
[0.03787878787878788, 0.04797979797979798]
[0.0392156862745098, 0.04643962848297213]
[0.04285714285714286, 0.045000000000000005]
[0.049999999999999996, 0.0661764705882353]
[0.046153846153846156, 0.06108597285067874]
[0.04285714285714285, 0.05672268907563025]
[0.04, 0.05294117647058824]
[0.0375, 0.049632352941176475]
[0.03787878787878788, 0.04797979797979798]
[0.0392156862745098, 0.04643962848297213]
[0.04285714285714286, 0.045000000000000005]
[0.05454545454545454, 0.07219251336898395]
[0.049999999999999996, 0.0661764705882353]
[0.046153846153846156, 0.06108597285067874]
[0.04285714285714285, 0.05672268907563025]
[0.04, 0.05294117647058824]
[0.0375, 0.049632352941176475]
[0.03787878787878788, 0.04797979797979798]
[0.0392156862745098, 0.04643962848297213]
[0.04285714285714286, 0.045000000000000005]
[0.06, 0.063]
[0.05555555555555555, 0.058333333333333334]
[0.05172413793103448, 0.05431034482758621]
[0.04838709677419355, 0.050806451612903224]
[0.045454545454545456, 0.04772727272727273]
[0.058823529411764705, 0.04621848739495798]
[0.05555555555555556, 0.07589285714285714]
[0.050724637681159424, 0.06929347826086957]
[0.04666666666666667, 0.06375]
[0.043209876543209874, 0.059027777777777776]
[0.040229885057471264, 0.05495689655172414]
[0.03763440860215054, 0.05141129032258064]
[0.03535353535353536, 0.048295454545454544]
[0.03529411764705882, 0.046712802768166084]
[0.03571428571428571, 0.04523809523809524]
[0.05555555555555555, 0.06578947368421052]
[0.05128205128205128, 0.06072874493927125]
[0.047619047619047616, 0.05639097744360902]
[0.04444444444444444, 0.05263157894736842]
[0.041666666666666664, 0.049342105263157895]
[0.045454545454545456, 0.04772727272727273]
[0.058823529411764705, 0.04621848739495798]
[0.05555555555555555, 0.06578947368421052]
[0.05128205128205128, 0.06072874493927125]
[0.047619047619047616, 0.05639097744360902]
[0.04444444444444444, 0.05263157894736842]
[0.041666666666666664, 0.049342105263157895]
[0.045454545454545456, 0.04772727272727273]
[0.058823529411764705, 0.04621848739495798]
[0.05357142857142857, 0.07653061224489795]
[0.048913043478260865, 0.06987577639751552]
[0.045, 0.06428571428571428]
[0.041666666666666664, 0.05952380952380952]
[0.03879310344827586, 0.055418719211822655]
[0.03629032258064516, 0.05184331797235023]
[0.03409090909090909, 0.048701298701298704]
[0.03361344537815126, 0.04705882352941176]
[0.03333333333333333, 0.045535714285714284]
[0.05434782608695652, 0.06884057971014493]
[0.05, 0.06333333333333334]
[0.046296296296296294, 0.05864197530864197]
[0.04310344827586207, 0.05459770114942529]
[0.04032258064516129, 0.051075268817204304]
[0.03787878787878788, 0.04797979797979798]
[0.0392156862745098, 0.04643962848297213]
[0.04285714285714286, 0.045000000000000005]
[0.06, 0.063]
[0.05555555555555555, 0.058333333333333334]
[0.05172413793103448, 0.05431034482758621]
[0.04838709677419355, 0.050806451612903224]
[0.045454545454545456, 0.04772727272727273]
[0.058823529411764705, 0.04621848739495798]
[0.050724637681159424, 0.06929347826086957]
[0.04666666666666667, 0.06375]
[0.043209876543209874, 0.059027777777777776]
[0.040229885057471264, 0.05495689655172414]
[0.03763440860215054, 0.05141129032258064]
[0.03535353535353536, 0.048295454545454544]
[0.03529411764705882, 0.046712802768166084]
[0.03571428571428571, 0.04523809523809524]
[0.05454545454545454, 0.07219251336898395]
[0.049999999999999996, 0.0661764705882353]
[0.046153846153846156, 0.06108597285067874]
[0.04285714285714285, 0.05672268907563025]
[0.04, 0.05294117647058824]
[0.0375, 0.049632352941176475]
[0.03787878787878788, 0.04797979797979798]
[0.0392156862745098, 0.04643962848297213]
[0.04285714285714286, 0.045000000000000005]
[0.05, 0.06333333333333334]
[0.046296296296296294, 0.05864197530864197]
[0.04310344827586207, 0.05459770114942529]
[0.04032258064516129, 0.051075268817204304]
[0.03787878787878788, 0.04797979797979798]
[0.0392156862745098, 0.04643962848297213]
[0.04285714285714286, 0.045000000000000005]
[0.050724637681159424, 0.06929347826086957]
[0.04666666666666667, 0.06375]
[0.043209876543209874, 0.059027777777777776]
[0.040229885057471264, 0.05495689655172414]
[0.03763440860215054, 0.05141129032258064]
[0.03535353535353536, 0.048295454545454544]
[0.03529411764705882, 0.046712802768166084]
[0.03571428571428571, 0.04523809523809524]
[0.05357142857142857, 0.07653061224489795]
[0.048913043478260865, 0.06987577639751552]
[0.045, 0.06428571428571428]
[0.041666666666666664, 0.05952380952380952]
[0.03879310344827586, 0.055418719211822655]
[0.03629032258064516, 0.05184331797235023]
[0.03409090909090909, 0.048701298701298704]
[0.03361344537815126, 0.04705882352941176]
[0.03333333333333333, 0.045535714285714284]
[0.05714285714285714, 0.05333333333333334]
[0.051948051948051945, 0.07272727272727272]
[0.047619047619047616, 0.06666666666666667]
[0.04395604395604396, 0.06153846153846154]
[0.04081632653061224, 0.05714285714285714]
[0.03809523809523809, 0.05333333333333334]
[0.03571428571428571, 0.05]
[0.03535353535353536, 0.048295454545454544]
[0.03529411764705882, 0.046712802768166084]
[0.03571428571428571, 0.04523809523809524]
[0.05555555555555555, 0.058333333333333334]
[0.05172413793103448, 0.05431034482758621]
[0.04838709677419355, 0.050806451612903224]
[0.045454545454545456, 0.04772727272727273]
[0.058823529411764705, 0.04621848739495798]
[0.06, 0.063]
[0.05555555555555555, 0.058333333333333334]
[0.05172413793103448, 0.05431034482758621]
[0.04838709677419355, 0.050806451612903224]
[0.045454545454545456, 0.04772727272727273]
[0.058823529411764705, 0.04621848739495798]
[0.048913043478260865, 0.06987577639751552]
[0.045, 0.06428571428571428]
[0.041666666666666664, 0.05952380952380952]
[0.03879310344827586, 0.055418719211822655]
[0.03629032258064516, 0.05184331797235023]
[0.03409090909090909, 0.048701298701298704]
[0.03361344537815126, 0.04705882352941176]
[0.03333333333333333, 0.045535714285714284]
[0.049999999999999996, 0.0661764705882353]
[0.046153846153846156, 0.06108597285067874]
[0.04285714285714285, 0.05672268907563025]
[0.04, 0.05294117647058824]
[0.0375, 0.049632352941176475]
[0.03787878787878788, 0.04797979797979798]
[0.0392156862745098, 0.04643962848297213]
[0.04285714285714286, 0.045000000000000005]
[0.050724637681159424, 0.06929347826086957]
[0.04666666666666667, 0.06375]
[0.043209876543209874, 0.059027777777777776]
[0.040229885057471264, 0.05495689655172414]
[0.03763440860215054, 0.05141129032258064]
[0.03535353535353536, 0.048295454545454544]
[0.03529411764705882, 0.046712802768166084]
[0.03571428571428571, 0.04523809523809524]
[0.050724637681159424, 0.06929347826086957]
[0.04666666666666667, 0.06375]
[0.043209876543209874, 0.059027777777777776]
[0.040229885057471264, 0.05495689655172414]
[0.03763440860215054, 0.05141129032258064]
[0.03535353535353536, 0.048295454545454544]
[0.03529411764705882, 0.046712802768166084]
[0.03571428571428571, 0.04523809523809524]
[0.06, 0.063]
[0.05555555555555555, 0.058333333333333334]
[0.05172413793103448, 0.05431034482758621]
[0.04838709677419355, 0.050806451612903224]
[0.045454545454545456, 0.04772727272727273]
[0.058823529411764705, 0.04621848739495798]
[0.06, 0.063]
[0.05555555555555555, 0.058333333333333334]
[0.05172413793103448, 0.05431034482758621]
[0.04838709677419355, 0.050806451612903224]
[0.045454545454545456, 0.04772727272727273]
[0.058823529411764705, 0.04621848739495798]
[0.050724637681159424, 0.06929347826086957]
[0.04666666666666667, 0.06375]
[0.043209876543209874, 0.059027777777777776]
[0.040229885057471264, 0.05495689655172414]
[0.03763440860215054, 0.05141129032258064]
[0.03535353535353536, 0.048295454545454544]
[0.03529411764705882, 0.046712802768166084]
[0.03571428571428571, 0.04523809523809524]
[0.051948051948051945, 0.07272727272727272]
[0.047619047619047616, 0.06666666666666667]
[0.04395604395604396, 0.06153846153846154]
[0.04081632653061224, 0.05714285714285714]
[0.03809523809523809, 0.05333333333333334]
[0.03571428571428571, 0.05]
[0.03535353535353536, 0.048295454545454544]
[0.03529411764705882, 0.046712802768166084]
[0.03571428571428571, 0.04523809523809524]
[0.07692307692307693, 0.06043956043956045]
[0.07142857142857142, 0.05612244897959184]
[0.06666666666666667, 0.05238095238095239]
[0.0625, 0.04910714285714286]
[0.07692307692307693, 0.06043956043956045]
[0.07142857142857142, 0.05612244897959184]
[0.06666666666666667, 0.05238095238095239]
[0.0625, 0.04910714285714286]
[0.05434782608695652, 0.06884057971014493]
[0.05, 0.06333333333333334]
[0.046296296296296294, 0.05864197530864197]
[0.04310344827586207, 0.05459770114942529]
[0.04032258064516129, 0.051075268817204304]
[0.03787878787878788, 0.04797979797979798]
[0.0392156862745098, 0.04643962848297213]
[0.04285714285714286, 0.045000000000000005]
[0.05357142857142857, 0.07653061224489795]
[0.048913043478260865, 0.06987577639751552]
[0.045, 0.06428571428571428]
[0.041666666666666664, 0.05952380952380952]
[0.03879310344827586, 0.055418719211822655]
[0.03629032258064516, 0.05184331797235023]
[0.03409090909090909, 0.048701298701298704]
[0.03361344537815126, 0.04705882352941176]
[0.03333333333333333, 0.045535714285714284]
[0.049999999999999996, 0.0661764705882353]
[0.046153846153846156, 0.06108597285067874]
[0.04285714285714285, 0.05672268907563025]
[0.04, 0.05294117647058824]
[0.0375, 0.049632352941176475]
[0.03787878787878788, 0.04797979797979798]
[0.0392156862745098, 0.04643962848297213]
[0.04285714285714286, 0.045000000000000005]
[0.051948051948051945, 0.07272727272727272]
[0.047619047619047616, 0.06666666666666667]
[0.04395604395604396, 0.06153846153846154]
[0.04081632653061224, 0.05714285714285714]
[0.03809523809523809, 0.05333333333333334]
[0.03571428571428571, 0.05]
[0.03535353535353536, 0.048295454545454544]
[0.03529411764705882, 0.046712802768166084]
[0.03571428571428571, 0.04523809523809524]
[0.05454545454545454, 0.07219251336898395]
[0.049999999999999996, 0.0661764705882353]
[0.046153846153846156, 0.06108597285067874]
[0.04285714285714285, 0.05672268907563025]
[0.04, 0.05294117647058824]
[0.0375, 0.049632352941176475]
[0.03787878787878788, 0.04797979797979798]
[0.0392156862745098, 0.04643962848297213]
[0.04285714285714286, 0.045000000000000005]
[0.05555555555555556, 0.07589285714285714]
[0.050724637681159424, 0.06929347826086957]
[0.04666666666666667, 0.06375]
[0.043209876543209874, 0.059027777777777776]
[0.040229885057471264, 0.05495689655172414]
[0.03763440860215054, 0.05141129032258064]
[0.03535353535353536, 0.048295454545454544]
[0.03529411764705882, 0.046712802768166084]
[0.03571428571428571, 0.04523809523809524]
[0.05555555555555555, 0.06578947368421052]
[0.05128205128205128, 0.06072874493927125]
[0.047619047619047616, 0.05639097744360902]
[0.04444444444444444, 0.05263157894736842]
[0.041666666666666664, 0.049342105263157895]
[0.045454545454545456, 0.04772727272727273]
[0.058823529411764705, 0.04621848739495798]
[0.06, 0.063]
[0.05555555555555555, 0.058333333333333334]
[0.05172413793103448, 0.05431034482758621]
[0.04838709677419355, 0.050806451612903224]
[0.045454545454545456, 0.04772727272727273]
[0.058823529411764705, 0.04621848739495798]
[0.05, 0.06333333333333334]
[0.046296296296296294, 0.05864197530864197]
[0.04310344827586207, 0.05459770114942529]
[0.04032258064516129, 0.051075268817204304]
[0.03787878787878788, 0.04797979797979798]
[0.0392156862745098, 0.04643962848297213]
[0.04285714285714286, 0.045000000000000005]
[0.05, 0.06333333333333334]
[0.046296296296296294, 0.05864197530864197]
[0.04310344827586207, 0.05459770114942529]
[0.04032258064516129, 0.051075268817204304]
[0.03787878787878788, 0.04797979797979798]
[0.0392156862745098, 0.04643962848297213]
[0.04285714285714286, 0.045000000000000005]
[0.06, 0.063]
[0.05555555555555555, 0.058333333333333334]
[0.05172413793103448, 0.05431034482758621]
[0.04838709677419355, 0.050806451612903224]
[0.045454545454545456, 0.04772727272727273]
[0.058823529411764705, 0.04621848739495798]
[0.05434782608695652, 0.06884057971014493]
[0.05, 0.06333333333333334]
[0.046296296296296294, 0.05864197530864197]
[0.04310344827586207, 0.05459770114942529]
[0.04032258064516129, 0.051075268817204304]
[0.03787878787878788, 0.04797979797979798]
[0.0392156862745098, 0.04643962848297213]
[0.04285714285714286, 0.045000000000000005]
[0.05357142857142857, 0.07653061224489795]
[0.048913043478260865, 0.06987577639751552]
[0.045, 0.06428571428571428]
[0.041666666666666664, 0.05952380952380952]
[0.03879310344827586, 0.055418719211822655]
[0.03629032258064516, 0.05184331797235023]
[0.03409090909090909, 0.048701298701298704]
[0.03361344537815126, 0.04705882352941176]
[0.03333333333333333, 0.045535714285714284]
[0.07692307692307693, 0.06043956043956045]
[0.07142857142857142, 0.05612244897959184]
[0.06666666666666667, 0.05238095238095239]
[0.0625, 0.04910714285714286]
[0.05, 0.06333333333333334]
[0.046296296296296294, 0.05864197530864197]
[0.04310344827586207, 0.05459770114942529]
[0.04032258064516129, 0.051075268817204304]
[0.03787878787878788, 0.04797979797979798]
[0.0392156862745098, 0.04643962848297213]
[0.04285714285714286, 0.045000000000000005]
[0.05128205128205128, 0.06072874493927125]
[0.047619047619047616, 0.05639097744360902]
[0.04444444444444444, 0.05263157894736842]
[0.041666666666666664, 0.049342105263157895]
[0.045454545454545456, 0.04772727272727273]
[0.058823529411764705, 0.04621848739495798]
[0.07692307692307693, 0.06043956043956045]
[0.07142857142857142, 0.05612244897959184]
[0.06666666666666667, 0.05238095238095239]
[0.0625, 0.04910714285714286]
[0.048913043478260865, 0.06987577639751552]
[0.045, 0.06428571428571428]
[0.041666666666666664, 0.05952380952380952]
[0.03879310344827586, 0.055418719211822655]
[0.03629032258064516, 0.05184331797235023]
[0.03409090909090909, 0.048701298701298704]
[0.03361344537815126, 0.04705882352941176]
[0.03333333333333333, 0.045535714285714284]
[0.06, 0.063]
[0.05555555555555555, 0.058333333333333334]
[0.05172413793103448, 0.05431034482758621]
[0.04838709677419355, 0.050806451612903224]
[0.045454545454545456, 0.04772727272727273]
[0.058823529411764705, 0.04621848739495798]
[0.05434782608695652, 0.06884057971014493]
[0.05, 0.06333333333333334]
[0.046296296296296294, 0.05864197530864197]
[0.04310344827586207, 0.05459770114942529]
[0.04032258064516129, 0.051075268817204304]
[0.03787878787878788, 0.04797979797979798]
[0.0392156862745098, 0.04643962848297213]
[0.04285714285714286, 0.045000000000000005]
[0.05050505050505051, 0.07342657342657342]
[0.046296296296296294, 0.0673076923076923]
[0.042735042735042736, 0.0621301775147929]
[0.03968253968253968, 0.05769230769230769]
[0.037037037037037035, 0.05384615384615385]
[0.034722222222222224, 0.05048076923076923]
[0.032679738562091505, 0.04751131221719456]
[0.03214285714285714, 0.04591836734693878]
[0.049999999999999996, 0.0661764705882353]
[0.046153846153846156, 0.06108597285067874]
[0.04285714285714285, 0.05672268907563025]
[0.04, 0.05294117647058824]
[0.0375, 0.049632352941176475]
[0.03787878787878788, 0.04797979797979798]
[0.0392156862745098, 0.04643962848297213]
[0.04285714285714286, 0.045000000000000005]
[0.051948051948051945, 0.07272727272727272]
[0.047619047619047616, 0.06666666666666667]
[0.04395604395604396, 0.06153846153846154]
[0.04081632653061224, 0.05714285714285714]
[0.03809523809523809, 0.05333333333333334]
[0.03571428571428571, 0.05]
[0.03535353535353536, 0.048295454545454544]
[0.03529411764705882, 0.046712802768166084]
[0.03571428571428571, 0.04523809523809524]
[0.07142857142857142, 0.05612244897959184]
[0.06666666666666667, 0.05238095238095239]
[0.0625, 0.04910714285714286]
[0.05, 0.06333333333333334]
[0.046296296296296294, 0.05864197530864197]
[0.04310344827586207, 0.05459770114942529]
[0.04032258064516129, 0.051075268817204304]
[0.03787878787878788, 0.04797979797979798]
[0.0392156862745098, 0.04643962848297213]
[0.04285714285714286, 0.045000000000000005]
[0.05555555555555555, 0.06578947368421052]
[0.05128205128205128, 0.06072874493927125]
[0.047619047619047616, 0.05639097744360902]
[0.04444444444444444, 0.05263157894736842]
[0.041666666666666664, 0.049342105263157895]
[0.045454545454545456, 0.04772727272727273]
[0.058823529411764705, 0.04621848739495798]
[0.05128205128205128, 0.06072874493927125]
[0.047619047619047616, 0.05639097744360902]
[0.04444444444444444, 0.05263157894736842]
[0.041666666666666664, 0.049342105263157895]
[0.045454545454545456, 0.04772727272727273]
[0.058823529411764705, 0.04621848739495798]
[0.05434782608695652, 0.06884057971014493]
[0.05, 0.06333333333333334]
[0.046296296296296294, 0.05864197530864197]
[0.04310344827586207, 0.05459770114942529]
[0.04032258064516129, 0.051075268817204304]
[0.03787878787878788, 0.04797979797979798]
[0.0392156862745098, 0.04643962848297213]
[0.04285714285714286, 0.045000000000000005]
[0.05555555555555555, 0.06578947368421052]
[0.05128205128205128, 0.06072874493927125]
[0.047619047619047616, 0.05639097744360902]
[0.04444444444444444, 0.05263157894736842]
[0.041666666666666664, 0.049342105263157895]
[0.045454545454545456, 0.04772727272727273]
[0.058823529411764705, 0.04621848739495798]
[0.05, 0.06333333333333334]
[0.046296296296296294, 0.05864197530864197]
[0.04310344827586207, 0.05459770114942529]
[0.04032258064516129, 0.051075268817204304]
[0.03787878787878788, 0.04797979797979798]
[0.0392156862745098, 0.04643962848297213]
[0.04285714285714286, 0.045000000000000005]
[0.07692307692307693, 0.06043956043956045]
[0.07142857142857142, 0.05612244897959184]
[0.06666666666666667, 0.05238095238095239]
[0.0625, 0.04910714285714286]
[0.06, 0.063]
[0.05555555555555555, 0.058333333333333334]
[0.05172413793103448, 0.05431034482758621]
[0.04838709677419355, 0.050806451612903224]
[0.045454545454545456, 0.04772727272727273]
[0.058823529411764705, 0.04621848739495798]
[0.05357142857142857, 0.07653061224489795]
[0.048913043478260865, 0.06987577639751552]
[0.045, 0.06428571428571428]
[0.041666666666666664, 0.05952380952380952]
[0.03879310344827586, 0.055418719211822655]
[0.03629032258064516, 0.05184331797235023]
[0.03409090909090909, 0.048701298701298704]
[0.03361344537815126, 0.04705882352941176]
[0.03333333333333333, 0.045535714285714284]
[0.049999999999999996, 0.0661764705882353]
[0.046153846153846156, 0.06108597285067874]
[0.04285714285714285, 0.05672268907563025]
[0.04, 0.05294117647058824]
[0.0375, 0.049632352941176475]
[0.03787878787878788, 0.04797979797979798]
[0.0392156862745098, 0.04643962848297213]
[0.04285714285714286, 0.045000000000000005]
[0.05128205128205128, 0.06072874493927125]
[0.047619047619047616, 0.05639097744360902]
[0.04444444444444444, 0.05263157894736842]
[0.041666666666666664, 0.049342105263157895]
[0.045454545454545456, 0.04772727272727273]
[0.058823529411764705, 0.04621848739495798]
[0.05128205128205128, 0.06072874493927125]
[0.047619047619047616, 0.05639097744360902]
[0.04444444444444444, 0.05263157894736842]
[0.041666666666666664, 0.049342105263157895]
[0.045454545454545456, 0.04772727272727273]
[0.058823529411764705, 0.04621848739495798]
[0.051948051948051945, 0.07272727272727272]
[0.047619047619047616, 0.06666666666666667]
[0.04395604395604396, 0.06153846153846154]
[0.04081632653061224, 0.05714285714285714]
[0.03809523809523809, 0.05333333333333334]
[0.03571428571428571, 0.05]
[0.03535353535353536, 0.048295454545454544]
[0.03529411764705882, 0.046712802768166084]
[0.03571428571428571, 0.04523809523809524]
[0.05555555555555555, 0.06578947368421052]
[0.05128205128205128, 0.06072874493927125]
[0.047619047619047616, 0.05639097744360902]
[0.04444444444444444, 0.05263157894736842]
[0.041666666666666664, 0.049342105263157895]
[0.045454545454545456, 0.04772727272727273]
[0.058823529411764705, 0.04621848739495798]
[0.05128205128205128, 0.06072874493927125]
[0.047619047619047616, 0.05639097744360902]
[0.04444444444444444, 0.05263157894736842]
[0.041666666666666664, 0.049342105263157895]
[0.045454545454545456, 0.04772727272727273]
[0.058823529411764705, 0.04621848739495798]
[0.049999999999999996, 0.0661764705882353]
[0.046153846153846156, 0.06108597285067874]
[0.04285714285714285, 0.05672268907563025]
[0.04, 0.05294117647058824]
[0.0375, 0.049632352941176475]
[0.03787878787878788, 0.04797979797979798]
[0.0392156862745098, 0.04643962848297213]
[0.04285714285714286, 0.045000000000000005]
[0.05454545454545454, 0.07219251336898395]
[0.049999999999999996, 0.0661764705882353]
[0.046153846153846156, 0.06108597285067874]
[0.04285714285714285, 0.05672268907563025]
[0.04, 0.05294117647058824]
[0.0375, 0.049632352941176475]
[0.03787878787878788, 0.04797979797979798]
[0.0392156862745098, 0.04643962848297213]
[0.04285714285714286, 0.045000000000000005]
[0.05, 0.06333333333333334]
[0.046296296296296294, 0.05864197530864197]
[0.04310344827586207, 0.05459770114942529]
[0.04032258064516129, 0.051075268817204304]
[0.03787878787878788, 0.04797979797979798]
[0.0392156862745098, 0.04643962848297213]
[0.04285714285714286, 0.045000000000000005]
[0.051948051948051945, 0.07272727272727272]
[0.047619047619047616, 0.06666666666666667]
[0.04395604395604396, 0.06153846153846154]
[0.04081632653061224, 0.05714285714285714]
[0.03809523809523809, 0.05333333333333334]
[0.03571428571428571, 0.05]
[0.03535353535353536, 0.048295454545454544]
[0.03529411764705882, 0.046712802768166084]
[0.03571428571428571, 0.04523809523809524]
[0.05, 0.06333333333333334]
[0.046296296296296294, 0.05864197530864197]
[0.04310344827586207, 0.05459770114942529]
[0.04032258064516129, 0.051075268817204304]
[0.03787878787878788, 0.04797979797979798]
[0.0392156862745098, 0.04643962848297213]
[0.04285714285714286, 0.045000000000000005]
[0.05555555555555555, 0.06578947368421052]
[0.05128205128205128, 0.06072874493927125]
[0.047619047619047616, 0.05639097744360902]
[0.04444444444444444, 0.05263157894736842]
[0.041666666666666664, 0.049342105263157895]
[0.045454545454545456, 0.04772727272727273]
[0.058823529411764705, 0.04621848739495798]
[0.048913043478260865, 0.06987577639751552]
[0.045, 0.06428571428571428]
[0.041666666666666664, 0.05952380952380952]
[0.03879310344827586, 0.055418719211822655]
[0.03629032258064516, 0.05184331797235023]
[0.03409090909090909, 0.048701298701298704]
[0.03361344537815126, 0.04705882352941176]
[0.03333333333333333, 0.045535714285714284]
[0.07692307692307693, 0.06043956043956045]
[0.07142857142857142, 0.05612244897959184]
[0.06666666666666667, 0.05238095238095239]
[0.0625, 0.04910714285714286]
[0.049999999999999996, 0.0661764705882353]
[0.046153846153846156, 0.06108597285067874]
[0.04285714285714285, 0.05672268907563025]
[0.04, 0.05294117647058824]
[0.0375, 0.049632352941176475]
[0.03787878787878788, 0.04797979797979798]
[0.0392156862745098, 0.04643962848297213]
[0.04285714285714286, 0.045000000000000005]
[0.07692307692307693, 0.06043956043956045]
[0.07142857142857142, 0.05612244897959184]
[0.06666666666666667, 0.05238095238095239]
[0.0625, 0.04910714285714286]
[0.05555555555555555, 0.06578947368421052]
[0.05128205128205128, 0.06072874493927125]
[0.047619047619047616, 0.05639097744360902]
[0.04444444444444444, 0.05263157894736842]
[0.041666666666666664, 0.049342105263157895]
[0.045454545454545456, 0.04772727272727273]
[0.058823529411764705, 0.04621848739495798]
[0.050724637681159424, 0.06929347826086957]
[0.04666666666666667, 0.06375]
[0.043209876543209874, 0.059027777777777776]
[0.040229885057471264, 0.05495689655172414]
[0.03763440860215054, 0.05141129032258064]
[0.03535353535353536, 0.048295454545454544]
[0.03529411764705882, 0.046712802768166084]
[0.03571428571428571, 0.04523809523809524]
[0.050724637681159424, 0.06929347826086957]
[0.04666666666666667, 0.06375]
[0.043209876543209874, 0.059027777777777776]
[0.040229885057471264, 0.05495689655172414]
[0.03763440860215054, 0.05141129032258064]
[0.03535353535353536, 0.048295454545454544]
[0.03529411764705882, 0.046712802768166084]
[0.03571428571428571, 0.04523809523809524]
[0.07692307692307693, 0.06043956043956045]
[0.07142857142857142, 0.05612244897959184]
[0.06666666666666667, 0.05238095238095239]
[0.0625, 0.04910714285714286]
[0.05434782608695652, 0.06884057971014493]
[0.05, 0.06333333333333334]
[0.046296296296296294, 0.05864197530864197]
[0.04310344827586207, 0.05459770114942529]
[0.04032258064516129, 0.051075268817204304]
[0.03787878787878788, 0.04797979797979798]
[0.0392156862745098, 0.04643962848297213]
[0.04285714285714286, 0.045000000000000005]
[0.07692307692307693, 0.06043956043956045]
[0.07142857142857142, 0.05612244897959184]
[0.06666666666666667, 0.05238095238095239]
[0.0625, 0.04910714285714286]
[0.06, 0.063]
[0.05555555555555555, 0.058333333333333334]
[0.05172413793103448, 0.05431034482758621]
[0.04838709677419355, 0.050806451612903224]
[0.045454545454545456, 0.04772727272727273]
[0.058823529411764705, 0.04621848739495798]
[0.06, 0.063]
[0.05555555555555555, 0.058333333333333334]
[0.05172413793103448, 0.05431034482758621]
[0.04838709677419355, 0.050806451612903224]
[0.045454545454545456, 0.04772727272727273]
[0.058823529411764705, 0.04621848739495798]
[0.05454545454545454, 0.07219251336898395]
[0.049999999999999996, 0.0661764705882353]
[0.046153846153846156, 0.06108597285067874]
[0.04285714285714285, 0.05672268907563025]
[0.04, 0.05294117647058824]
[0.0375, 0.049632352941176475]
[0.03787878787878788, 0.04797979797979798]
[0.0392156862745098, 0.04643962848297213]
[0.04285714285714286, 0.045000000000000005]
[0.05454545454545454, 0.07219251336898395]
[0.049999999999999996, 0.0661764705882353]
[0.046153846153846156, 0.06108597285067874]
[0.04285714285714285, 0.05672268907563025]
[0.04, 0.05294117647058824]
[0.0375, 0.049632352941176475]
[0.03787878787878788, 0.04797979797979798]
[0.0392156862745098, 0.04643962848297213]
[0.04285714285714286, 0.045000000000000005]
[0.050724637681159424, 0.06929347826086957]
[0.04666666666666667, 0.06375]
[0.043209876543209874, 0.059027777777777776]
[0.040229885057471264, 0.05495689655172414]
[0.03763440860215054, 0.05141129032258064]
[0.03535353535353536, 0.048295454545454544]
[0.03529411764705882, 0.046712802768166084]
[0.03571428571428571, 0.04523809523809524]
[0.05555555555555556, 0.07589285714285714]
[0.050724637681159424, 0.06929347826086957]
[0.04666666666666667, 0.06375]
[0.043209876543209874, 0.059027777777777776]
[0.040229885057471264, 0.05495689655172414]
[0.03763440860215054, 0.05141129032258064]
[0.03535353535353536, 0.048295454545454544]
[0.03529411764705882, 0.046712802768166084]
[0.03571428571428571, 0.04523809523809524]
[0.05555555555555555, 0.058333333333333334]
[0.05172413793103448, 0.05431034482758621]
[0.04838709677419355, 0.050806451612903224]
[0.045454545454545456, 0.04772727272727273]
[0.058823529411764705, 0.04621848739495798]
[0.06, 0.063]
[0.05555555555555555, 0.058333333333333334]
[0.05172413793103448, 0.05431034482758621]
[0.04838709677419355, 0.050806451612903224]
[0.045454545454545456, 0.04772727272727273]
[0.058823529411764705, 0.04621848739495798]
[0.046296296296296294, 0.0673076923076923]
[0.042735042735042736, 0.0621301775147929]
[0.03968253968253968, 0.05769230769230769]
[0.037037037037037035, 0.05384615384615385]
[0.034722222222222224, 0.05048076923076923]
[0.032679738562091505, 0.04751131221719456]
[0.03214285714285714, 0.04591836734693878]
[0.049999999999999996, 0.0661764705882353]
[0.046153846153846156, 0.06108597285067874]
[0.04285714285714285, 0.05672268907563025]
[0.04, 0.05294117647058824]
[0.0375, 0.049632352941176475]
[0.03787878787878788, 0.04797979797979798]
[0.0392156862745098, 0.04643962848297213]
[0.04285714285714286, 0.045000000000000005]
[0.051948051948051945, 0.07272727272727272]
[0.047619047619047616, 0.06666666666666667]
[0.04395604395604396, 0.06153846153846154]
[0.04081632653061224, 0.05714285714285714]
[0.03809523809523809, 0.05333333333333334]
[0.03571428571428571, 0.05]
[0.03535353535353536, 0.048295454545454544]
[0.03529411764705882, 0.046712802768166084]
[0.03571428571428571, 0.04523809523809524]
[0.05128205128205128, 0.06072874493927125]
[0.047619047619047616, 0.05639097744360902]
[0.04444444444444444, 0.05263157894736842]
[0.041666666666666664, 0.049342105263157895]
[0.045454545454545456, 0.04772727272727273]
[0.058823529411764705, 0.04621848739495798]
[0.05555555555555555, 0.06578947368421052]
[0.05128205128205128, 0.06072874493927125]
[0.047619047619047616, 0.05639097744360902]
[0.04444444444444444, 0.05263157894736842]
[0.041666666666666664, 0.049342105263157895]
[0.045454545454545456, 0.04772727272727273]
[0.058823529411764705, 0.04621848739495798]
[0.05357142857142857, 0.07653061224489795]
[0.048913043478260865, 0.06987577639751552]
[0.045, 0.06428571428571428]
[0.041666666666666664, 0.05952380952380952]
[0.03879310344827586, 0.055418719211822655]
[0.03629032258064516, 0.05184331797235023]
[0.03409090909090909, 0.048701298701298704]
[0.03361344537815126, 0.04705882352941176]
[0.03333333333333333, 0.045535714285714284]
